{
 "cells": [
  {
   "cell_type": "code",
   "execution_count": 1,
   "metadata": {},
   "outputs": [],
   "source": [
    "import findspark\n",
    "findspark.init('/home/ubuntu/spark-2.1.1-bin-hadoop2.7')\n",
    "import pyspark\n",
    "from pyspark.sql import SparkSession\n",
    "spark = SparkSession.builder.appName('BDAS_722_1').getOrCreate()"
   ]
  },
  {
   "cell_type": "code",
   "execution_count": 2,
   "metadata": {},
   "outputs": [],
   "source": [
    "df1 = spark.read.csv('winequality-white.csv',header=True,inferSchema=True)"
   ]
  },
  {
   "cell_type": "code",
   "execution_count": 3,
   "metadata": {
    "collapsed": true
   },
   "outputs": [
    {
     "name": "stdout",
     "output_type": "stream",
     "text": [
      "+-------------+----------------+-----------+--------------+---------+-------------------+--------------------+-------+----+---------+-------+-------+\n",
      "|fixed acidity|volatile acidity|citric acid|residual sugar|chlorides|free sulfur dioxide|total sulfur dioxide|density|  pH|sulphates|alcohol|quality|\n",
      "+-------------+----------------+-----------+--------------+---------+-------------------+--------------------+-------+----+---------+-------+-------+\n",
      "|          7.0|            0.27|       0.36|          20.7|    0.045|               45.0|               170.0|  1.001| 3.0|     0.45|    8.8|      6|\n",
      "|          6.3|             0.3|       0.34|           1.6|    0.049|               14.0|               132.0|  0.994| 3.3|     0.49|    9.5|      6|\n",
      "|          8.1|            0.28|        0.4|           6.9|     0.05|               30.0|                97.0| 0.9951|3.26|     0.44|   10.1|      6|\n",
      "|          7.2|            0.23|       0.32|           8.5|    0.058|               47.0|               186.0| 0.9956|3.19|      0.4|    9.9|      6|\n",
      "|          7.2|            0.23|       0.32|           8.5|    0.058|               47.0|               186.0| 0.9956|3.19|      0.4|    9.9|      6|\n",
      "|          8.1|            0.28|        0.4|           6.9|     0.05|               30.0|                97.0| 0.9951|3.26|     0.44|   10.1|      6|\n",
      "|          6.2|            0.32|       0.16|           7.0|    0.045|               30.0|               136.0| 0.9949|3.18|     0.47|    9.6|      6|\n",
      "|          7.0|            0.27|       0.36|          20.7|    0.045|               45.0|               170.0|  1.001| 3.0|     0.45|    8.8|      6|\n",
      "|          6.3|             0.3|       0.34|           1.6|    0.049|               14.0|               132.0|  0.994| 3.3|     0.49|    9.5|      6|\n",
      "|          8.1|            0.22|       0.43|           1.5|    0.044|               28.0|               129.0| 0.9938|3.22|     0.45|   11.0|      6|\n",
      "|          8.1|            0.27|       0.41|          1.45|    0.033|               11.0|                63.0| 0.9908|2.99|     0.56|   12.0|      5|\n",
      "|          8.6|            0.23|        0.4|           4.2|    0.035|               17.0|               109.0| 0.9947|3.14|     0.53|    9.7|      5|\n",
      "|          7.9|            0.18|       0.37|           1.2|     0.04|               16.0|                75.0|  0.992|3.18|     0.63|   10.8|      5|\n",
      "|          6.6|            0.16|        0.4|           1.5|    0.044|               48.0|               143.0| 0.9912|3.54|     0.52|   12.4|      7|\n",
      "|          8.3|            0.42|       0.62|         19.25|     0.04|               41.0|               172.0| 1.0002|2.98|     0.67|    9.7|      5|\n",
      "|          6.6|            0.17|       0.38|           1.5|    0.032|               28.0|               112.0| 0.9914|3.25|     0.55|   11.4|      7|\n",
      "|          6.3|            0.48|       0.04|           1.1|    0.046|               30.0|                99.0| 0.9928|3.24|     0.36|    9.6|      6|\n",
      "|          6.2|            0.66|       0.48|           1.2|    0.029|               29.0|                75.0| 0.9892|3.33|     0.39|   12.8|      8|\n",
      "|          7.4|            0.34|       0.42|           1.1|    0.033|               17.0|               171.0| 0.9917|3.12|     0.53|   11.3|      6|\n",
      "|          6.5|            0.31|       0.14|           7.5|    0.044|               34.0|               133.0| 0.9955|3.22|      0.5|    9.5|      5|\n",
      "+-------------+----------------+-----------+--------------+---------+-------------------+--------------------+-------+----+---------+-------+-------+\n",
      "only showing top 20 rows\n",
      "\n"
     ]
    }
   ],
   "source": [
    "df1.show()"
   ]
  },
  {
   "cell_type": "code",
   "execution_count": 4,
   "metadata": {
    "collapsed": true
   },
   "outputs": [
    {
     "name": "stdout",
     "output_type": "stream",
     "text": [
      "root\n",
      " |-- fixed acidity: double (nullable = true)\n",
      " |-- volatile acidity: double (nullable = true)\n",
      " |-- citric acid: double (nullable = true)\n",
      " |-- residual sugar: double (nullable = true)\n",
      " |-- chlorides: double (nullable = true)\n",
      " |-- free sulfur dioxide: double (nullable = true)\n",
      " |-- total sulfur dioxide: double (nullable = true)\n",
      " |-- density: double (nullable = true)\n",
      " |-- pH: double (nullable = true)\n",
      " |-- sulphates: double (nullable = true)\n",
      " |-- alcohol: double (nullable = true)\n",
      " |-- quality: integer (nullable = true)\n",
      "\n",
      "[Row(fixed acidity=7.0, volatile acidity=0.27, citric acid=0.36, residual sugar=20.7, chlorides=0.045, free sulfur dioxide=45.0, total sulfur dioxide=170.0, density=1.001, pH=3.0, sulphates=0.45, alcohol=8.8, quality=6)]\n"
     ]
    }
   ],
   "source": [
    "df1.printSchema()\n",
    "print(df1.head(1))"
   ]
  },
  {
   "cell_type": "code",
   "execution_count": 5,
   "metadata": {
    "collapsed": true
   },
   "outputs": [
    {
     "name": "stdout",
     "output_type": "stream",
     "text": [
      "+-------+------------------+-------------------+-------------------+-----------------+--------------------+-------------------+--------------------+--------------------+-------------------+-------------------+------------------+------------------+\n",
      "|summary|     fixed acidity|   volatile acidity|        citric acid|   residual sugar|           chlorides|free sulfur dioxide|total sulfur dioxide|             density|                 pH|          sulphates|           alcohol|           quality|\n",
      "+-------+------------------+-------------------+-------------------+-----------------+--------------------+-------------------+--------------------+--------------------+-------------------+-------------------+------------------+------------------+\n",
      "|  count|              4898|               4898|               4898|             4898|                4898|               4898|                4898|                4898|               4898|               4898|              4898|              4898|\n",
      "|   mean| 6.854787668436075|0.27824111882401087|0.33419150673743736|6.391414863209486|  0.0457723560636995|  35.30808493262556|  138.36065741118824|  0.9940273764801896| 3.1882666394446693| 0.4898468762760325|10.514267047770149|  5.87790935075541|\n",
      "| stddev|0.8438682276875127|0.10079454842486532|0.12101980420298254|5.072057784014878|0.021847968093728805|  17.00713732523259|  42.498064554142985|0.002990906916936997|0.15100059961506673|0.11412583394883222| 1.230620567752269|0.8856385749678322|\n",
      "|    min|               3.8|               0.08|                0.0|              0.6|               0.009|                2.0|                 9.0|             0.98711|               2.72|               0.22|               8.0|                 3|\n",
      "|    max|              14.2|                1.1|               1.66|             65.8|               0.346|              289.0|               440.0|             1.03898|               3.82|               1.08|              14.2|                 9|\n",
      "+-------+------------------+-------------------+-------------------+-----------------+--------------------+-------------------+--------------------+--------------------+-------------------+-------------------+------------------+------------------+\n",
      "\n"
     ]
    }
   ],
   "source": [
    "df1.describe().show()"
   ]
  },
  {
   "cell_type": "code",
   "execution_count": 6,
   "metadata": {
    "collapsed": true
   },
   "outputs": [
    {
     "name": "stdout",
     "output_type": "stream",
     "text": [
      "+-------+-------------------+------------------+------------------+\n",
      "|summary|                 pH|           alcohol|           quality|\n",
      "+-------+-------------------+------------------+------------------+\n",
      "|  count|               4898|              4898|              4898|\n",
      "|   mean| 3.1882666394446693|10.514267047770149|  5.87790935075541|\n",
      "| stddev|0.15100059961506673| 1.230620567752269|0.8856385749678322|\n",
      "|    min|               2.72|               8.0|                 3|\n",
      "|    max|               3.82|              14.2|                 9|\n",
      "+-------+-------------------+------------------+------------------+\n",
      "\n"
     ]
    }
   ],
   "source": [
    "df1.select('pH','alcohol','quality').describe().show()"
   ]
  },
  {
   "cell_type": "code",
   "execution_count": 7,
   "metadata": {
    "collapsed": true
   },
   "outputs": [
    {
     "name": "stdout",
     "output_type": "stream",
     "text": [
      "+-------+\n",
      "|quality|\n",
      "+-------+\n",
      "|      6|\n",
      "|      6|\n",
      "|      6|\n",
      "|      6|\n",
      "|      6|\n",
      "|      6|\n",
      "|      6|\n",
      "|      6|\n",
      "|      6|\n",
      "|      6|\n",
      "|      5|\n",
      "|      5|\n",
      "|      5|\n",
      "|      7|\n",
      "|      5|\n",
      "|      7|\n",
      "|      6|\n",
      "|      8|\n",
      "|      6|\n",
      "|      5|\n",
      "+-------+\n",
      "only showing top 20 rows\n",
      "\n"
     ]
    }
   ],
   "source": [
    "qua_col = df1.select('quality')\n",
    "qua_col.show()"
   ]
  },
  {
   "cell_type": "code",
   "execution_count": 8,
   "metadata": {
    "collapsed": true
   },
   "outputs": [
    {
     "name": "stdout",
     "output_type": "stream",
     "text": [
      "+-------------+----------------+-----------+--------------+---------+-------------------+--------------------+-------+----+---------+-------+-------+------------------+\n",
      "|fixed acidity|volatile acidity|citric acid|residual sugar|chlorides|free sulfur dioxide|total sulfur dioxide|density|  pH|sulphates|alcohol|quality|      sulphates_10|\n",
      "+-------------+----------------+-----------+--------------+---------+-------------------+--------------------+-------+----+---------+-------+-------+------------------+\n",
      "|          7.0|            0.27|       0.36|          20.7|    0.045|               45.0|               170.0|  1.001| 3.0|     0.45|    8.8|      6|               4.5|\n",
      "|          6.3|             0.3|       0.34|           1.6|    0.049|               14.0|               132.0|  0.994| 3.3|     0.49|    9.5|      6|               4.9|\n",
      "|          8.1|            0.28|        0.4|           6.9|     0.05|               30.0|                97.0| 0.9951|3.26|     0.44|   10.1|      6|               4.4|\n",
      "|          7.2|            0.23|       0.32|           8.5|    0.058|               47.0|               186.0| 0.9956|3.19|      0.4|    9.9|      6|               4.0|\n",
      "|          7.2|            0.23|       0.32|           8.5|    0.058|               47.0|               186.0| 0.9956|3.19|      0.4|    9.9|      6|               4.0|\n",
      "|          8.1|            0.28|        0.4|           6.9|     0.05|               30.0|                97.0| 0.9951|3.26|     0.44|   10.1|      6|               4.4|\n",
      "|          6.2|            0.32|       0.16|           7.0|    0.045|               30.0|               136.0| 0.9949|3.18|     0.47|    9.6|      6| 4.699999999999999|\n",
      "|          7.0|            0.27|       0.36|          20.7|    0.045|               45.0|               170.0|  1.001| 3.0|     0.45|    8.8|      6|               4.5|\n",
      "|          6.3|             0.3|       0.34|           1.6|    0.049|               14.0|               132.0|  0.994| 3.3|     0.49|    9.5|      6|               4.9|\n",
      "|          8.1|            0.22|       0.43|           1.5|    0.044|               28.0|               129.0| 0.9938|3.22|     0.45|   11.0|      6|               4.5|\n",
      "|          8.1|            0.27|       0.41|          1.45|    0.033|               11.0|                63.0| 0.9908|2.99|     0.56|   12.0|      5|5.6000000000000005|\n",
      "|          8.6|            0.23|        0.4|           4.2|    0.035|               17.0|               109.0| 0.9947|3.14|     0.53|    9.7|      5| 5.300000000000001|\n",
      "|          7.9|            0.18|       0.37|           1.2|     0.04|               16.0|                75.0|  0.992|3.18|     0.63|   10.8|      5|               6.3|\n",
      "|          6.6|            0.16|        0.4|           1.5|    0.044|               48.0|               143.0| 0.9912|3.54|     0.52|   12.4|      7|               5.2|\n",
      "|          8.3|            0.42|       0.62|         19.25|     0.04|               41.0|               172.0| 1.0002|2.98|     0.67|    9.7|      5|               6.7|\n",
      "|          6.6|            0.17|       0.38|           1.5|    0.032|               28.0|               112.0| 0.9914|3.25|     0.55|   11.4|      7|               5.5|\n",
      "|          6.3|            0.48|       0.04|           1.1|    0.046|               30.0|                99.0| 0.9928|3.24|     0.36|    9.6|      6|3.5999999999999996|\n",
      "|          6.2|            0.66|       0.48|           1.2|    0.029|               29.0|                75.0| 0.9892|3.33|     0.39|   12.8|      8|3.9000000000000004|\n",
      "|          7.4|            0.34|       0.42|           1.1|    0.033|               17.0|               171.0| 0.9917|3.12|     0.53|   11.3|      6| 5.300000000000001|\n",
      "|          6.5|            0.31|       0.14|           7.5|    0.044|               34.0|               133.0| 0.9955|3.22|      0.5|    9.5|      5|               5.0|\n",
      "+-------------+----------------+-----------+--------------+---------+-------------------+--------------------+-------+----+---------+-------+-------+------------------+\n",
      "only showing top 20 rows\n",
      "\n",
      "+-------------+----------------+-----------+--------------+---------+-------------------+--------------------+-------+----+---------+-------+-------+\n",
      "|fixed acidity|volatile acidity|citric acid|residual sugar|chlorides|free sulfur dioxide|total sulfur dioxide|density|  pH|sulphates|alcohol|quality|\n",
      "+-------------+----------------+-----------+--------------+---------+-------------------+--------------------+-------+----+---------+-------+-------+\n",
      "|          7.0|            0.27|       0.36|          20.7|    0.045|               45.0|               170.0|  1.001| 3.0|     0.45|    8.8|      6|\n",
      "|          6.3|             0.3|       0.34|           1.6|    0.049|               14.0|               132.0|  0.994| 3.3|     0.49|    9.5|      6|\n",
      "|          8.1|            0.28|        0.4|           6.9|     0.05|               30.0|                97.0| 0.9951|3.26|     0.44|   10.1|      6|\n",
      "|          7.2|            0.23|       0.32|           8.5|    0.058|               47.0|               186.0| 0.9956|3.19|      0.4|    9.9|      6|\n",
      "|          7.2|            0.23|       0.32|           8.5|    0.058|               47.0|               186.0| 0.9956|3.19|      0.4|    9.9|      6|\n",
      "|          8.1|            0.28|        0.4|           6.9|     0.05|               30.0|                97.0| 0.9951|3.26|     0.44|   10.1|      6|\n",
      "|          6.2|            0.32|       0.16|           7.0|    0.045|               30.0|               136.0| 0.9949|3.18|     0.47|    9.6|      6|\n",
      "|          7.0|            0.27|       0.36|          20.7|    0.045|               45.0|               170.0|  1.001| 3.0|     0.45|    8.8|      6|\n",
      "|          6.3|             0.3|       0.34|           1.6|    0.049|               14.0|               132.0|  0.994| 3.3|     0.49|    9.5|      6|\n",
      "|          8.1|            0.22|       0.43|           1.5|    0.044|               28.0|               129.0| 0.9938|3.22|     0.45|   11.0|      6|\n",
      "|          8.1|            0.27|       0.41|          1.45|    0.033|               11.0|                63.0| 0.9908|2.99|     0.56|   12.0|      5|\n",
      "|          8.6|            0.23|        0.4|           4.2|    0.035|               17.0|               109.0| 0.9947|3.14|     0.53|    9.7|      5|\n",
      "|          7.9|            0.18|       0.37|           1.2|     0.04|               16.0|                75.0|  0.992|3.18|     0.63|   10.8|      5|\n",
      "|          6.6|            0.16|        0.4|           1.5|    0.044|               48.0|               143.0| 0.9912|3.54|     0.52|   12.4|      7|\n",
      "|          8.3|            0.42|       0.62|         19.25|     0.04|               41.0|               172.0| 1.0002|2.98|     0.67|    9.7|      5|\n",
      "|          6.6|            0.17|       0.38|           1.5|    0.032|               28.0|               112.0| 0.9914|3.25|     0.55|   11.4|      7|\n",
      "|          6.3|            0.48|       0.04|           1.1|    0.046|               30.0|                99.0| 0.9928|3.24|     0.36|    9.6|      6|\n",
      "|          6.2|            0.66|       0.48|           1.2|    0.029|               29.0|                75.0| 0.9892|3.33|     0.39|   12.8|      8|\n",
      "|          7.4|            0.34|       0.42|           1.1|    0.033|               17.0|               171.0| 0.9917|3.12|     0.53|   11.3|      6|\n",
      "|          6.5|            0.31|       0.14|           7.5|    0.044|               34.0|               133.0| 0.9955|3.22|      0.5|    9.5|      5|\n",
      "+-------------+----------------+-----------+--------------+---------+-------------------+--------------------+-------+----+---------+-------+-------+\n",
      "only showing top 20 rows\n",
      "\n"
     ]
    }
   ],
   "source": [
    "df1.withColumn('sulphates_10',df1['sulphates']*10).show()\n",
    "df1.show()"
   ]
  },
  {
   "cell_type": "code",
   "execution_count": 9,
   "metadata": {
    "collapsed": true
   },
   "outputs": [
    {
     "name": "stdout",
     "output_type": "stream",
     "text": [
      "+-------------+----------------+-----------+--------------+---------+-------------------+--------------------+-------+----+---------+-------+-------+\n",
      "|fixed acidity|volatile acidity|citric acid|residual sugar|chlorides|free sulfur dioxide|total sulfur dioxide|density|  pH|sulphates|alcohol|quality|\n",
      "+-------------+----------------+-----------+--------------+---------+-------------------+--------------------+-------+----+---------+-------+-------+\n",
      "|          7.0|            0.27|       0.36|          20.7|    0.045|               45.0|               170.0|  1.001| 3.0|     0.45|    8.8|      6|\n",
      "|          6.3|             0.3|       0.34|           1.6|    0.049|               14.0|               132.0|  0.994| 3.3|     0.49|    9.5|      6|\n",
      "|          8.1|            0.28|        0.4|           6.9|     0.05|               30.0|                97.0| 0.9951|3.26|     0.44|   10.1|      6|\n",
      "|          7.2|            0.23|       0.32|           8.5|    0.058|               47.0|               186.0| 0.9956|3.19|      0.4|    9.9|      6|\n",
      "|          7.2|            0.23|       0.32|           8.5|    0.058|               47.0|               186.0| 0.9956|3.19|      0.4|    9.9|      6|\n",
      "|          8.1|            0.28|        0.4|           6.9|     0.05|               30.0|                97.0| 0.9951|3.26|     0.44|   10.1|      6|\n",
      "|          6.2|            0.32|       0.16|           7.0|    0.045|               30.0|               136.0| 0.9949|3.18|     0.47|    9.6|      6|\n",
      "|          7.0|            0.27|       0.36|          20.7|    0.045|               45.0|               170.0|  1.001| 3.0|     0.45|    8.8|      6|\n",
      "|          6.3|             0.3|       0.34|           1.6|    0.049|               14.0|               132.0|  0.994| 3.3|     0.49|    9.5|      6|\n",
      "|          8.1|            0.22|       0.43|           1.5|    0.044|               28.0|               129.0| 0.9938|3.22|     0.45|   11.0|      6|\n",
      "|          8.1|            0.27|       0.41|          1.45|    0.033|               11.0|                63.0| 0.9908|2.99|     0.56|   12.0|      5|\n",
      "|          8.6|            0.23|        0.4|           4.2|    0.035|               17.0|               109.0| 0.9947|3.14|     0.53|    9.7|      5|\n",
      "|          7.9|            0.18|       0.37|           1.2|     0.04|               16.0|                75.0|  0.992|3.18|     0.63|   10.8|      5|\n",
      "|          8.3|            0.42|       0.62|         19.25|     0.04|               41.0|               172.0| 1.0002|2.98|     0.67|    9.7|      5|\n",
      "|          6.3|            0.48|       0.04|           1.1|    0.046|               30.0|                99.0| 0.9928|3.24|     0.36|    9.6|      6|\n",
      "|          7.4|            0.34|       0.42|           1.1|    0.033|               17.0|               171.0| 0.9917|3.12|     0.53|   11.3|      6|\n",
      "|          6.5|            0.31|       0.14|           7.5|    0.044|               34.0|               133.0| 0.9955|3.22|      0.5|    9.5|      5|\n",
      "|          7.6|            0.67|       0.14|           1.5|    0.074|               25.0|               168.0| 0.9937|3.05|     0.51|    9.3|      5|\n",
      "|          6.6|            0.27|       0.41|           1.3|    0.052|               16.0|               142.0| 0.9951|3.42|     0.47|   10.0|      6|\n",
      "|          7.0|            0.25|       0.32|           9.0|    0.046|               56.0|               245.0| 0.9955|3.25|      0.5|   10.4|      6|\n",
      "+-------------+----------------+-----------+--------------+---------+-------------------+--------------------+-------+----+---------+-------+-------+\n",
      "only showing top 20 rows\n",
      "\n",
      "+-------+-------+\n",
      "|alcohol|quality|\n",
      "+-------+-------+\n",
      "|   12.4|      7|\n",
      "|   11.4|      7|\n",
      "|   12.8|      8|\n",
      "|   12.8|      8|\n",
      "|   11.0|      7|\n",
      "|   10.5|      8|\n",
      "|   12.3|      7|\n",
      "|   10.0|      7|\n",
      "|   11.0|      7|\n",
      "|   10.9|      7|\n",
      "|   12.6|      7|\n",
      "|   10.7|      8|\n",
      "|   10.7|      8|\n",
      "|   12.7|      7|\n",
      "|   12.0|      7|\n",
      "|   12.6|      7|\n",
      "|   12.6|      7|\n",
      "|   11.5|      7|\n",
      "|   11.4|      7|\n",
      "|    9.7|      7|\n",
      "|   10.9|      7|\n",
      "|    9.7|      7|\n",
      "|   10.8|      7|\n",
      "|   12.0|      7|\n",
      "|   11.5|      7|\n",
      "|   12.4|      7|\n",
      "|   12.1|      8|\n",
      "|   12.1|      8|\n",
      "|   12.4|      7|\n",
      "|   12.6|      7|\n",
      "|   11.5|      7|\n",
      "|   12.7|      8|\n",
      "|   11.2|      7|\n",
      "|   11.1|      7|\n",
      "|   11.1|      7|\n",
      "|   11.1|      7|\n",
      "|   11.4|      7|\n",
      "|   12.6|      7|\n",
      "|   10.9|      7|\n",
      "|   10.9|      7|\n",
      "|    9.6|      8|\n",
      "|   11.0|      7|\n",
      "|   11.0|      7|\n",
      "|   12.4|      7|\n",
      "|   12.6|      8|\n",
      "|   12.3|      8|\n",
      "|    9.0|      7|\n",
      "|    9.0|      7|\n",
      "|    9.0|      7|\n",
      "|    9.0|      7|\n",
      "|    9.8|      7|\n",
      "|   11.2|      7|\n",
      "|   10.4|      7|\n",
      "|   11.5|      7|\n",
      "|   12.5|      8|\n",
      "|   11.5|      7|\n",
      "|   10.3|      7|\n",
      "|   12.5|      8|\n",
      "|   10.2|      7|\n",
      "|    9.0|      7|\n",
      "|   11.2|      7|\n",
      "|   11.4|      7|\n",
      "|   11.9|      7|\n",
      "|   11.9|      7|\n",
      "|   11.4|      7|\n",
      "|   12.3|      7|\n",
      "|   12.5|      7|\n",
      "|   12.5|      7|\n",
      "|   10.4|      7|\n",
      "|   10.0|      7|\n",
      "|   10.4|      7|\n",
      "|   10.0|      7|\n",
      "|   11.3|      7|\n",
      "|   12.5|      7|\n",
      "|   10.8|      7|\n",
      "|    9.3|      7|\n",
      "|    9.3|      7|\n",
      "|   12.8|      7|\n",
      "|   12.7|      7|\n",
      "|   10.5|      7|\n",
      "|    9.9|      7|\n",
      "|   12.1|      8|\n",
      "|   12.2|      7|\n",
      "|   12.4|      8|\n",
      "|    9.9|      7|\n",
      "|   11.6|      7|\n",
      "|   12.9|      8|\n",
      "|   10.5|      7|\n",
      "|   10.6|      7|\n",
      "|   10.5|      7|\n",
      "|   10.5|      7|\n",
      "|   12.9|      7|\n",
      "|    9.6|      7|\n",
      "|   12.4|      7|\n",
      "|   12.7|      7|\n",
      "|   10.0|      7|\n",
      "|   10.0|      7|\n",
      "|   10.3|      7|\n",
      "|   10.2|      7|\n",
      "|    9.6|      7|\n",
      "+-------+-------+\n",
      "only showing top 100 rows\n",
      "\n"
     ]
    }
   ],
   "source": [
    "df1.filter(\"quality < 7\").show()\n",
    "df1.filter(\"quality >= 7\").select('alcohol','quality').show(100)"
   ]
  },
  {
   "cell_type": "code",
   "execution_count": 10,
   "metadata": {
    "collapsed": true
   },
   "outputs": [
    {
     "name": "stdout",
     "output_type": "stream",
     "text": [
      "+-------+----+-------+\n",
      "|alcohol|  pH|quality|\n",
      "+-------+----+-------+\n",
      "|   12.4|3.54|      7|\n",
      "|   11.4|3.25|      7|\n",
      "|   12.8|3.33|      8|\n",
      "|   12.8|3.33|      8|\n",
      "|   11.0|3.17|      7|\n",
      "|   10.5|3.47|      8|\n",
      "|   12.3| 3.1|      7|\n",
      "|   10.0|3.16|      7|\n",
      "|   11.0|3.34|      7|\n",
      "|   10.9|3.32|      7|\n",
      "|   12.6|3.22|      7|\n",
      "|   10.7|3.33|      8|\n",
      "|   10.7|3.33|      8|\n",
      "|   12.7|3.26|      7|\n",
      "|   12.0|3.31|      7|\n",
      "|   12.6|3.26|      7|\n",
      "|   12.6|3.25|      7|\n",
      "|   11.5|3.21|      7|\n",
      "|   11.4|2.95|      7|\n",
      "|    9.7|3.45|      7|\n",
      "+-------+----+-------+\n",
      "only showing top 20 rows\n",
      "\n"
     ]
    }
   ],
   "source": [
    "df1.filter(\"quality >= 7 AND pH < 6\").select('alcohol','pH','quality').show()"
   ]
  },
  {
   "cell_type": "code",
   "execution_count": 11,
   "metadata": {},
   "outputs": [],
   "source": [
    "## Basic Data Aggregation"
   ]
  },
  {
   "cell_type": "code",
   "execution_count": 12,
   "metadata": {
    "collapsed": true
   },
   "outputs": [
    {
     "name": "stdout",
     "output_type": "stream",
     "text": [
      "+-------+------------------+---------------------+-------------------+-------------------+--------------------+------------------------+-------------------------+------------------+------------------+-------------------+------------------+------------+\n",
      "|quality|avg(fixed acidity)|avg(volatile acidity)|   avg(citric acid)|avg(residual sugar)|      avg(chlorides)|avg(free sulfur dioxide)|avg(total sulfur dioxide)|      avg(density)|           avg(pH)|     avg(sulphates)|      avg(alcohol)|avg(quality)|\n",
      "+-------+------------------+---------------------+-------------------+-------------------+--------------------+------------------------+-------------------------+------------------+------------------+-------------------+------------------+------------+\n",
      "|      6| 6.837670609645139|   0.2605641492265695|0.33802547770700614| 6.4416060054595095| 0.04521747042766181|       35.65059144676979|       137.04731574158325|0.9939613489535942|3.1885987261146482| 0.4911055505004552|10.575371549884466|         6.0|\n",
      "|      3| 7.599999999999999|   0.3332500000000001|0.33599999999999997|  6.392499999999999|0.054300000000000015|                  53.325|                    170.6|0.9948840000000002|3.1874999999999996| 0.4745000000000001|            10.345|         3.0|\n",
      "|      5| 6.933973919011666|  0.30201098146877126|0.33765271105010347| 7.3349691146190725|  0.0515463280713795|      36.432052161976664|       150.90459849004804|0.9952625703500351| 3.168833218943034| 0.4822031571722726| 9.808840082362382|         5.0|\n",
      "|      9|              7.42|                0.298|              0.386|  4.119999999999999|              0.0274|                    33.4|                    116.0|           0.99146|             3.308|              0.466|             12.18|         9.0|\n",
      "|      4| 7.129447852760731|    0.381226993865031| 0.3042331288343557|  4.628220858895707| 0.05009815950920243|      23.358895705521473|       125.27914110429448|0.9942766871165644|3.1828834355828244|0.47613496932515353| 10.15245398773007|         4.0|\n",
      "|      8|6.6571428571428575|  0.27739999999999976| 0.3265142857142858|  5.671428571428572| 0.03831428571428572|                   36.72|       126.16571428571429|0.9922359428571438|3.2186857142857175| 0.4862285714285713|11.636000000000003|         8.0|\n",
      "|      7|6.7347159090909114|  0.26276704545454554| 0.3256250000000004|  5.186477272727271|  0.0381909090909091|       34.12556818181818|       125.11477272727272|0.9924523977272738|3.2138977272727316| 0.5031022727272721|11.367935606056815|         7.0|\n",
      "+-------+------------------+---------------------+-------------------+-------------------+--------------------+------------------------+-------------------------+------------------+------------------+-------------------+------------------+------------+\n",
      "\n"
     ]
    }
   ],
   "source": [
    "df1.groupBy('quality').mean().show()"
   ]
  },
  {
   "cell_type": "code",
   "execution_count": 13,
   "metadata": {
    "collapsed": true
   },
   "outputs": [
    {
     "name": "stdout",
     "output_type": "stream",
     "text": [
      "Sorted by pH\n",
      "+-------+------------------+---------------------+-------------------+-------------------+--------------------+------------------------+-------------------------+------------------+------------------+-------------------+------------------+------------+\n",
      "|quality|avg(fixed acidity)|avg(volatile acidity)|   avg(citric acid)|avg(residual sugar)|      avg(chlorides)|avg(free sulfur dioxide)|avg(total sulfur dioxide)|      avg(density)|           avg(pH)|     avg(sulphates)|      avg(alcohol)|avg(quality)|\n",
      "+-------+------------------+---------------------+-------------------+-------------------+--------------------+------------------------+-------------------------+------------------+------------------+-------------------+------------------+------------+\n",
      "|      5| 6.933973919011666|  0.30201098146877126|0.33765271105010347| 7.3349691146190725|  0.0515463280713795|      36.432052161976664|       150.90459849004804|0.9952625703500351| 3.168833218943034| 0.4822031571722726| 9.808840082362382|         5.0|\n",
      "|      4| 7.129447852760731|    0.381226993865031| 0.3042331288343557|  4.628220858895707| 0.05009815950920243|      23.358895705521473|       125.27914110429448|0.9942766871165644|3.1828834355828244|0.47613496932515353| 10.15245398773007|         4.0|\n",
      "|      3| 7.599999999999999|   0.3332500000000001|0.33599999999999997|  6.392499999999999|0.054300000000000015|                  53.325|                    170.6|0.9948840000000002|3.1874999999999996| 0.4745000000000001|            10.345|         3.0|\n",
      "|      6| 6.837670609645139|   0.2605641492265695|0.33802547770700614| 6.4416060054595095| 0.04521747042766181|       35.65059144676979|       137.04731574158325|0.9939613489535942|3.1885987261146482| 0.4911055505004552|10.575371549884466|         6.0|\n",
      "|      7|6.7347159090909114|  0.26276704545454554| 0.3256250000000004|  5.186477272727271|  0.0381909090909091|       34.12556818181818|       125.11477272727272|0.9924523977272738|3.2138977272727316| 0.5031022727272721|11.367935606056815|         7.0|\n",
      "|      8|6.6571428571428575|  0.27739999999999976| 0.3265142857142858|  5.671428571428572| 0.03831428571428572|                   36.72|       126.16571428571429|0.9922359428571438|3.2186857142857175| 0.4862285714285713|11.636000000000003|         8.0|\n",
      "|      9|              7.42|                0.298|              0.386|  4.119999999999999|              0.0274|                    33.4|                    116.0|           0.99146|             3.308|              0.466|             12.18|         9.0|\n",
      "+-------+------------------+---------------------+-------------------+-------------------+--------------------+------------------------+-------------------------+------------------+------------------+-------------------+------------------+------------+\n",
      "\n"
     ]
    }
   ],
   "source": [
    "# To simplify things, let's split this into two steps. First, let's create a variable then order by age.\n",
    "# Careful when using show()! Otherwise the variable type will change and you won't be able to order it. \n",
    "#group_job_df1 = df1.groupBy('quality').mean()\n",
    "\n",
    "# Note that we have to use 'avg(age)' instead of age. Why? Because when you use mean(), it changes the feature's name (as you can see below).\n",
    "#print(\"Sorted by Alcohol\")\n",
    "#group_job_df1.orderBy('avg(alcolhol)').show()\n",
    "\n",
    "# Let's see what this looks like in one line.\n",
    "print(\"Sorted by pH\")\n",
    "df1.groupBy('quality').mean().orderBy('avg(pH)').show()"
   ]
  },
  {
   "cell_type": "code",
   "execution_count": 14,
   "metadata": {},
   "outputs": [],
   "source": [
    "## Cleaning Up"
   ]
  },
  {
   "cell_type": "code",
   "execution_count": 32,
   "metadata": {},
   "outputs": [
    {
     "name": "stdout",
     "output_type": "stream",
     "text": [
      "+-------+------------------+---------------------+-------------------+-------------------+--------------------+------------------------+-------------------------+------------------+------------------+-------------------+------------------+------------+\n",
      "|quality|avg(fixed acidity)|avg(volatile acidity)|   avg(citric acid)|avg(residual sugar)|      avg(chlorides)|avg(free sulfur dioxide)|avg(total sulfur dioxide)|      avg(density)|           avg(pH)|     avg(sulphates)|      avg(alcohol)|avg(quality)|\n",
      "+-------+------------------+---------------------+-------------------+-------------------+--------------------+------------------------+-------------------------+------------------+------------------+-------------------+------------------+------------+\n",
      "|      6| 6.837670609645139|   0.2605641492265695|0.33802547770700614| 6.4416060054595095| 0.04521747042766181|       35.65059144676979|       137.04731574158325|0.9939613489535942|3.1885987261146482| 0.4911055505004552|10.575371549884466|         6.0|\n",
      "|      3| 7.599999999999999|   0.3332500000000001|0.33599999999999997|  6.392499999999999|0.054300000000000015|                  53.325|                    170.6|0.9948840000000002|3.1874999999999996| 0.4745000000000001|            10.345|         3.0|\n",
      "|      5| 6.933973919011666|  0.30201098146877126|0.33765271105010347| 7.3349691146190725|  0.0515463280713795|      36.432052161976664|       150.90459849004804|0.9952625703500351| 3.168833218943034| 0.4822031571722726| 9.808840082362382|         5.0|\n",
      "|      9|              7.42|                0.298|              0.386|  4.119999999999999|              0.0274|                    33.4|                    116.0|           0.99146|             3.308|              0.466|             12.18|         9.0|\n",
      "|      4| 7.129447852760731|    0.381226993865031| 0.3042331288343557|  4.628220858895707| 0.05009815950920243|      23.358895705521473|       125.27914110429448|0.9942766871165644|3.1828834355828244|0.47613496932515353| 10.15245398773007|         4.0|\n",
      "|      8|6.6571428571428575|  0.27739999999999976| 0.3265142857142858|  5.671428571428572| 0.03831428571428572|                   36.72|       126.16571428571429|0.9922359428571438|3.2186857142857175| 0.4862285714285713|11.636000000000003|         8.0|\n",
      "|      7|6.7347159090909114|  0.26276704545454554| 0.3256250000000004|  5.186477272727271|  0.0381909090909091|       34.12556818181818|       125.11477272727272|0.9924523977272738|3.2138977272727316| 0.5031022727272721|11.367935606056815|         7.0|\n",
      "+-------+------------------+---------------------+-------------------+-------------------+--------------------+------------------------+-------------------------+------------------+------------------+-------------------+------------------+------------+\n",
      "\n"
     ]
    }
   ],
   "source": [
    "from pyspark.sql.functions import format_number, col\n",
    "\n",
    "# Let's start off with this. Just grouping by job and presenting the mean.\n",
    "group_job_df1 = df1.groupBy('quality').mean()\n",
    "group_job_df1.show()"
   ]
  },
  {
   "cell_type": "code",
   "execution_count": 33,
   "metadata": {},
   "outputs": [
    {
     "name": "stdout",
     "output_type": "stream",
     "text": [
      "+-------+------------------------------------+---------------------------------------+----------------------------------+-------------------------------------+--------------------------------+------------------------------------------+-------------------------------------------+------------------------------+-------------------------+--------------------------------+------------------------------+\n",
      "|quality|format_number(avg(fixed acidity), 2)|format_number(avg(volatile acidity), 2)|format_number(avg(citric acid), 2)|format_number(avg(residual sugar), 2)|format_number(avg(chlorides), 2)|format_number(avg(free sulfur dioxide), 2)|format_number(avg(total sulfur dioxide), 2)|format_number(avg(density), 2)|format_number(avg(pH), 2)|format_number(avg(sulphates), 2)|format_number(avg(alcohol), 2)|\n",
      "+-------+------------------------------------+---------------------------------------+----------------------------------+-------------------------------------+--------------------------------+------------------------------------------+-------------------------------------------+------------------------------+-------------------------+--------------------------------+------------------------------+\n",
      "|      6|                                6.84|                                   0.26|                              0.34|                                 6.44|                            0.05|                                     35.65|                                     137.05|                          0.99|                     3.19|                            0.49|                         10.58|\n",
